5417
6278
9739
4257
3343
3152
4083
7402
9469
8580
5057
2339
5702
6009
4196
9405
5460
4401
9190
2653
9465
2149
9132
1396
3089
707
7627
4647
7680
9991
10603
8900
9500
5326
7194
1176
2243
4849
10590
10832
1272
6064
4663
1259
4733
6059
1764
2024
7299
8168
6766
6467
8024
6507
5452
10173
6369
1807
9169
5500
5454
5390
4735
4847
6395
4902
3764
9771
2462
6122
9120
10897
6055
5148
10251
7256
5534
1289
6718
4307
9574
879
7915
3597
7573
2408
3615
8223
3961
2186
915
8332
871
2366
5040
4345
4163
4283
2697
1532
1515
3148
4491
2036
4222
3836
1143
4073
8340
4850
6462
6749
2540
9970
1552
8433
4275
8993
7940
9755
10891
9064
8635
10652
8143
4655
3690
10536
10544
6521
2627
5141
10684
8361
2002
10927
705
2985
5790
10797
6620
6184
8823
8939
5791
8303
7797
1391
10025
5716
1190
8906
9701
3033
6158
6382
1267
5767
5981
2175
6885
4748
9890
10516
6438
1303
8122
3008
3847
6050
2799
7470
4859
8152
1363
2977
9180
4580
5337
2863
1134
9968
7541
9199
1842
3279
9380
9318
1486
3963
1017
9036
6193
4819
7428
6761
4662
9343
1007
4918
9650
3033
6157
6648
10929
3225
6726
1509
4201
6994
1210
7653
3594
7350
1037
2026
3964
7739
4469
7988
8205
2286
9080
10298
5446
3535
2068
3769
7531
5722
6884
2242
3529
5762
6387
5929
6891
2313
9264
3925
7964
9462
4966
4681
1432
9320
4633
5654
2713
2192
5121
10714
9897
6074
716
8409
9582
9120
3549
4091
738
1040
1078
823
8542
848
3946
9849
8520
2656
6683
3935
6415
7222
4476
9758
8255
9024
3673
1809
7019
6038
5825
7290
1986
6704
3967
2226
3294
7516
3265
7263
2865
10033
5086
7990
10365
4233
4427
9038
653
1841
695
956
1034
7803
3151
8261
1510
9787
4715
1386
9508
5729
5915
5182
4003
7169
6163
7595
5735
5534
5408
6074
10451
3907
4458
2579
3860
1180
10168
4790
7693
9139
9172
7915
4064
4545
8250
2280
4856
6204
2225
1519
8730
5928
1503
5416
5046
9647
3930
7959
4113
2672
8738
7323
8503
8526
4461
10282
3016
7981
1191
7751
7102