6496
7787
9741
6323
3358
3272
3925
9256
1003
8794
6238
3370
7857
2717
3423
5541
4230
6904
4312
8213
1363
806
10015
6832
10676
10589
7645
7790
7508
1564
2966
5611
5510
3507
7575
4029
6169
6877
8730
10789
2903
5999
2292
9024
6592
5965
4205
7344
5048
10929
9283
4533
1789
1385
9230
5036
10180
4330
8444
6560
2537
3756
2401
5478
5137
1868
2157
7655
7227
1237
3940
10087
6630
784
9361
1879
9598
7655
4887
6757
3927
7885
9519
4724
2734
6671
3452
4698
7221
5045
10022
7887
5136
5115
1544
10597
769
10139
5563
10115
9898
8086
6865
7650
9941
5706
2548
3487
3734
10431
9016
9400
1262
4723
1050
5181
10370
2744
7577
7467
3286
9567
4794
4384
8947
4587
2077
9705
4464
2741
7571
3836
8295
3388
6115
4357
9963
2813
1098
10623
6331
8857
3788
10725
5477
3981
4397
7907
7301
1148
9355
6219
9144
3862
5534
10232
952
6973
7982
7685
6212
7442
1641
9394
692
3181
8722
5856
5094
8759
2442
6765
7525
10390
8669
8858
3087
10041
1140
7638
6844
10120
8099
1239
1400
8659
4105
9998
827
1545
9817
5373
2115
1447
8519
4229
1502
7356
7376
7298
8453
1519
6350
3706
7188
6769
4424
5706
3823
2184
8716
9936
1649
1118
9439
9615
10211
6929
9513
8392
4904
6560
3337
5031
2554
4804
5519
1038
8664
682
3218
7203
9887
8544
10619
8318
9570
3162
7827
10800
7628
999
6040
6294
7438
3114
10137
9287
6381
10492
6775
5044
4487
4026
5474
1247
4665
3832
5131
4095
10415
7529
9961
4635
8677
1810
6396
6142
6073
9275
6088
5887
6781
1936
5638
9749
9070
2934
4292
4341
10401
5218
9318
5469
1632
6881
878
9641
3051
5614
4690
3742
6598
7481
10661
9230
4264
1040
10381
843
6514
3051
5607
6010
4239
1037
7947
9082
8234
870
6814
1303
9738
1048
1720
3765
2582
9926
1736
2921
6199
9752
2889
5832
4295
5191
2276
9113
6806
2727
850
1286
2051
5662
6687
1497
10318
2539
3654
2751
10718
3322
5735
5549
9653
1715
9697
3273
9259
6346
9748
4809
8048
4138
7696
6506
2879
5486
7062
7853
5760
9703
10332
9772
836