7406
4771
10542
8650
881
7425
6314
6270
9402
2700
10941
5229
3365
3307
10817
4320
1596
6612
7243
4192
9066
5889
10728
8666
10009
2172
2278
6595
4251
10124
2015
1062
8842
7104
5168
8744
3660
1746
9749
5123
1847
6678
5288
8092
10888
3468
9208
6403
5020
2417
3605
10833
3446
5714
9849
3584
10953
6245
10725
2889
1068
4571
10777
2858
6018
2903
5670
8520
9263
6408
7671
4563
10407
4454
3455
2662
9428
3290
3225
9687
2500
1332
809
6465
6159
6405
8631
4863
10063
6780
2227
9826
3863
1038
4391
2715
7544
8677
4216
8020
3432
7316
3488
1276
10053
9839
7978
6821
8474
10390
2417
907
10185
1534
973
8647
9362
703
7310
9789
6986
8872
10032
6788
9597
685
1248
5210
8641
3634
7764
8895
1998
8779
7592
3355
1785
2164
3033
6983
7822
9147
10794
4265
813
5667
897
3239
10418
4328
10216
7018
3512
8524
7834
9319
3602
6190
3319
8955
10331
2652
3337
2651
6483
10459
8692
6228
1189
2324
6013
3810
3181
4686
2981
5445
3850
6255
7030
1370
958
9444
10419
9161
2059
4002
9820
5063
2452
5410
3600
5707
4088
3151
1035
8135
8212
10917
9828
10842
6859
6368
6902
8924
4144
7642
7851
10370
2666
8700
1176
7694
9039
7758
6672
10060
1626
1530
9882
3186
10282
10980
8946
2585
4734
7544
9291
3315
7522
3756
1626
3665
7834
6437
1590
2661
10402
3746
10445
3890
7867
2841
4480
2853
8985
2515
9777
9033
9841
7626
2488
4190
8916
5365
1980
5000
2372
1806
10969
3591
9334
3624
4075
6450
4916
4110
1696
8127
9786
1996
2189
7447
6035
1977
3712
8739
2021
5547
8220
925
10186
9559
8015
4547
3079
7787
4729
8799
7224
6657
10995
2459
6020
10691
1480
7688
5345
3737
1116
5938
6414
5260
1977
2670
3293
10040
1878
9463
1256
754
6028
2648
5643
10472
7927
8073
5970
1956
6519
5165
7871
5317
1137
7843
1993
4100
6268
2254
3863
1145
1300
9916
6493
2083
7323
9521
1071
5364
903
10720
5892
10621
3038
3843
1850
1165
4488
2338
4223
5195
6313
5081
10876
5686
10515
9093
9313
8441
3547
6485
7208
1717
10690
7129
2284