9512
10855
1253
4120
7581
1797
3150
7032
2789
5612
5622
10218
3683
10830
4095
5458
6586
4794
7354
5185
8048
6810
6171
5855
6424
3008
2990
4905
9220
5263
7925
3796
6746
1002
10823
1820
7135
6754
8811
8127
10479
7643
873
10893
10091
9979
3280
3372
7926
739
4790
6183
9023
4871
2925
868
1075
4340
5527
6773
8122
6556
1829
8229
9841
8543
2627
3154
3094
3591
8063
7852
1349
3513
10162
10490
10108
4157
8751
9710
6881
2812
3320
4369
1282
2402
6852
5166
10836
3499
2553
760
10600
8159
2784
8756
8304
2290
2598
1109
8800
6161
4980
3161
4080
4088
3652
7019
4141
3325
5218
7846
5537
4264
7249
10118
4430
10199
6925
1047
3988
2500
3433
1555
1338
5652
6751
4346
2548
6635
7762
5035
5215
6206
8372
10568
3124
3821
1022
879
5233
6510
1498
5372
7812
8244
10444
2020
6386
6342
4080
7599
9270
3203
3538
4075
7859
8973
2952
10772
6542
3849
1072
8841
6497
1200
7716
10459
8568
2552
4082
3974
4242
9831
7895
4434
6294
9494
933
8475
7660
2529
3205
7462
9607
3064
9780
10563
3861
5061
4237
6402
7235
7213
7495
4919
6893
10976
3889
9100
4923
8536
2497
9617
4355
7376
3869
963
6736
5373
6589
9530
3279
8260
1531
6507
9166
7123
4275
6802
2368
1927
7262
6691
6418
3361
7405
3586
1185
7744
7199
707
10674
8172
4134
995
6040
904
1831
7505
10921
1328
3031
10266
5579
4966
6862
825
7554
8938
3446
3053
4866
8645
10803
1263
1325
9275
4785
5109
7684
1072
9790
5812
10536
1240
9585
1743
3071
8915
8371
10335
5267
7263
6619
5422
3769
1029
5190
4198
7461
8181
6445
7251
5699
3033
5575
9347
10119
9132
3612
7995
7159
5510
9610
10573
3510
1957
8941
3914
5586
6161
8877
2503
1834
1734
10436
5556
2208
9803
9007
3855
10191
4551
5016
10882
1781
8542
1483
1053
8899
2255
1826
1213
10307
7344
7288
8413
4661
5579
9099
6665
880
3593
1279
2910
8471
7396
4539
10325
3433
9466
6806
4221
4998
2930
3328
7653
1388
10976
5683
9742
5576
10467
3784
10126
7723
3234
740
9716
10699
4224
9685
4789
10433